登入：
 02 02 02 02 00 0E 02 01 02 20 21 05 18
设置高压温补参数
02 02 02 02 00 0F 01 5A 05 B4 00 23 00 12 
读温度
02 02 02 02 00 09 02 41 
读高压温补参数
02 02 02 02 00 09 00 5B 


02 02 02 02 00 0F 01 5A 06 a4 00 23 00 00 

02 02 02 02 00 0F 01 5A 07 d0 00 23 00 00   

02 02 02 02 00 0F 01 5A 08 98 00 23 00 00  

02 02 02 02 00 0F 01 5A 08 FC 00 23 00 00  

02 02 02 02 00 0F 01 5A 09 60 00 23 00 00


02 02 02 02 00 0F 01 5A 09 c4 00 23 00 00
02 02 02 02 00 0F 01 5A 0A 28 00 23 00 00
02 02 02 02 00 0F 01 5A 0A 8C 00 23 00 00

02 02 02 02 00 0F 01 5A 04 E2 00 2e 00 00      1250

02 02 02 02 00 0F 01 5A 05 14 00 2e 00 00      1300

02 02 02 02 00 0F 01 5A 05 46 00 2e 00 00      1350

02 02 02 02 00 0F 01 5A 05 78 00 2e 00 00      1400

02 02 02 02 00 0F 01 5A 05 AA 00 2e 00 00      1450

02 02 02 02 00 0F 01 5A 05 C3 00 2e 00 00      1475

02 02 02 02 00 0F 01 5A 05 C8 00 2e 00 00      1480

02 02 02 02 00 0F 01 5A 05 CD 00 2e 00 00      1485

02 02 02 02 00 0F 01 5A 05 d2 00 2e 00 00      1490

02 02 02 02 00 0F 01 5A 05 DC 00 2e 00 00      1500

02 02 02 02 00 0F 01 5A 05 f5 00 2e 00 00      1525

02 02 02 02 00 0F 01 5A 05 fa 00 2e 00 00      1530

02 02 02 02 00 0F 01 5A 05 fF 00 2e 00 00      1535

02 02 02 02 00 0F 01 5A 06 09 00 2e 00 00      1545

02 02 02 02 00 0F 01 5A 06 0E 00 2e 00 00      1550

02 02 02 02 00 0F 01 5A 06 40 00 2e 00 00      1600

02 02 02 02 00 0F 01 5A 06 59 00 2e 00 00      1625

02 02 02 02 00 0F 01 5A 06 72 00 2e 00 00      1650

02 02 02 02 00 0F 01 5A 06 8B 00 2e 00 00      1675

02 02 02 02 00 0F 01 5A 06 90 00 2e 00 00      1680

02 02 02 02 00 0F 01 5A 06 9a 00 2e 00 00      1690

02 02 02 02 00 0F 01 5A 06 A4 00 2e 00 00      1700

02 02 02 02 00 0F 01 5A 06 D6 00 2e 00 00      1750

02 02 02 02 00 0F 01 5A 06 eF 00 2e 00 00      1775

02 02 02 02 00 0F 01 5A 06 Fe 00 2e 00 00      1790

02 02 02 02 00 0F 01 5A 07 08 00 2e 00 00      1800

02 02 02 02 00 0F 01 5A 07 3A 00 2e 00 00      1850

02 02 02 02 00 0F 01 5A 07 6C 00 2e 00 00      1900

02 02 02 02 00 0F 01 5A 07 9E 00 2e 00 12      1950

02 02 02 02 00 0F 01 5A 07 D0 00 2e 00 00      2000

02 02 02 02 00 0F 01 5A 08 02 00 2e 00 00      2050

02 02 02 02 00 0F 01 5A 08 34 00 2e 00 00      2100

02 02 02 02 00 0F 01 5A 08 66 00 2e 00 00      2150

02 02 02 02 00 0F 01 5A 08 98 00 2e 00 00      2200

02 02 02 02 00 0F 01 5A 08 CA 00 2e 00 00      2250

02 02 02 02 00 0F 01 5A 08 FC 00 2e 00 00      2300

02 02 02 02 00 0F 01 5A 09 2e 00 2e 00 00      2350

02 02 02 02 00 0F 01 5A 09 60 00 2e 00 00      2400

02 02 02 02 00 09 02 64 
温度46度,温补2700,雪崩02 02 02 02 00 0F 01 5A 09 60 00 2e 00 12

设置为普通模式：
02 02 02 02 00 0A 01 43 01 

02 02 02 02 00 0B 01 5E 00 00 

