00 1B 00 71 00 00 00 00 
00 1B 00 71 00 00 00 00 
00 1B 00 71 00 00 00 00 
00 1B 00 71 00 00 00 00 
00 1B 00 71 00 00 00 00 
00 1B 00 71 00 00 00 00 
00 1B 00 71 00 00 00 00 
00 1B 00 71 00 00 00 00 
00 1B 00 71 00 00 00 00 
00 1B 00 71 00 00 00 00 
00 1B 00 71 00 00 00 00 
00 1B 00 71 00 00 00 00 
00 1B 00 71 00 00 00 00 
00 1B 00 71 00 00 00 00 
00 1B 00 71 00 00 00 00 
00 1B 00 71 00 00 00 00 
00 1B 00 71 00 00 00 00 
00 1B 00 71 00 00 00 00 
00 1B 00 71 00 00 00 00 
00 1B 00 71 00 00 00 00 
00 1B 00 71 00 00 00 00 