00 65 00 C3 00 00 00 00 
00 66 00 C3 00 00 00 00 
00 66 00 C3 00 00 00 00
00 65 00 C3 00 00 00 00 
00 65 00 C3 00 00 00 00 
00 65 00 C3 00 00 00 00 
00 66 00 C3 00 00 00 00 
00 66 00 C3 00 00 00 00 
00 65 00 C3 00 00 00 00 
00 65 00 C3 00 00 00 00 
00 66 00 C3 00 00 00 00 
00 66 00 C3 00 00 00 00 
00 65 00 C3 00 00 00 00 
00 66 00 C3 00 00 00 00 
00 65 00 C3 00 00 00 00 
00 65 00 C3 00 00 00 00 
00 65 00 C3 00 00 00 00 
00 66 00 C3 00 00 00 00 
00 66 00 C3 00 00 00 00 
00 66 00 C3 00 00 00 00 
00 66 00 C3 00 00 00 00 