00 90 00 E1 00 00 00 00 
00 90 00 E2 00 00 00 00 
00 91 00 E2 00 00 00 00 
00 91 00 E2 00 00 00 00 
00 91 00 E2 00 00 00 00 
00 91 00 E2 00 00 00 00 
00 90 00 E2 00 00 00 00 
00 91 00 E2 00 00 00 00 
00 91 00 E2 00 00 00 00 
00 91 00 E2 00 00 00 00 
00 91 00 E2 00 00 00 00 
00 91 00 E2 00 00 00 00 
00 91 00 E2 00 00 00 00 
00 91 00 E2 00 00 00 00 
00 91 00 E2 00 00 00 00 
00 91 00 E2 00 00 00 00 
00 91 00 E2 00 00 00 00 
00 91 00 E2 00 00 00 00 
00 90 00 E2 00 00 00 00 
00 90 00 E2 00 00 00 00 
00 91 00 E2 00 00 00 00 