00 20 00 8F 00 00 00 00 
00 20 00 8F 00 00 00 00 
00 20 00 8E 00 00 00 00 
00 20 00 8F 00 00 00 00 
00 20 00 8F 00 00 00 00 
00 20 00 8F 00 00 00 00 
00 20 00 8F 00 00 00 00 
00 1F 00 8F 00 00 00 00 
00 20 00 8F 00 00 00 00 
00 1F 00 8F 00 00 00 00 
00 1F 00 8F 00 00 00 00 
00 20 00 8F 00 00 00 00 
00 20 00 8F 00 00 00 00 
00 20 00 8F 00 00 00 00 
00 20 00 8E 00 00 00 00 
00 20 00 8F 00 00 00 00 
00 20 00 8F 00 00 00 00 
00 20 00 8F 00 00 00 00 
00 20 00 8F 00 00 00 00 
00 1F 00 8E 00 00 00 00 
00 1F 00 8F 00 00 00 00 